0:44

れそどしそh_
そしそそしそそみそみhれhしbらそらそ_
れそれそらしどhれhしらそし_
しそそしそみそみhれhしbらそらそ_
しどhどhしどhどhらみhれhしれhれhみh
しそそしそそみみそみhれhしbらそらそ_
れそれそらしどhれhしらそし_
しそそしそそみそみhれhしbらそらそ_
それそれれそそそそそそそそれhみhれhれh_
そ_れそそれそそれふぁふぁふぁそらそそ

100,100,100,200,25,100
100,50,25,25,50,25,25,50,50,50,100,25,25,25,100,50,50
50,50,50,50,50,50,50,50,50,50,50,200,100
50,25,25,25,50,50,50,50,100,25,25,50,100,50,50
50,50,50,50,50,100,50,50,100,50,100
50,25,25,50,25,25,25,25,50,50,100,25,25,25,100,50,50
50,50,50,50,50,50,50,50,50,50,50,200,100
50,25,25,50,25,25,50,50,50,100,25,25,25,100,50,50
25,50,25,25,25,25,50,50,50,50,50,50,50,50,50,50,50
25,25,50,50,50,50,50,50,50,50,50,,50,50,50,50